  -2.1558394e+00   6.4252370e+01
  -8.8643372e-01   1.0012318e+02
   2.2015482e+00   2.1600758e+02
  -3.1822550e+00   3.9819652e+01
  -3.9029020e-01   7.8637523e+01
   1.9932808e+00   2.2120752e+02
  -4.4531383e+00  -9.0629404e+00
   4.1287676e+00   2.0105464e+02
   1.8792569e-02   5.7496242e+01
   1.8960257e+00   2.0529873e+02
  -4.2034855e+00   3.6505538e+01
  -5.4955062e-01   6.6952314e+01
  -1.3727044e+00   6.9317587e+01
   1.7010678e+00   2.0560440e+02
  -4.1471971e+00   1.6003761e+01
   2.2374060e+00   1.9839143e+02
   4.8241214e-01   4.5634495e+01
  -1.5041521e+00   8.5760484e+01
  -4.8655772e+00   2.7210427e+01
   4.7722535e+00   2.1564275e+02
  -1.7141003e+00   7.5694569e+01
   2.0444813e-01   2.5440733e+01
  -7.0020479e-01   8.5450555e+01
   2.2453398e+00   2.0643691e+02
   2.9358273e+00   1.6199712e+02
   2.6462810e+00   1.8789447e+02
  -2.5632645e+00   1.7403087e+01
  -2.4852005e+00   5.1791363e+01
  -6.8048913e-01   4.9429825e+01
   1.7429345e+00   1.8201012e+02
   1.7934827e+00   2.2066472e+02
  -3.1240271e+00   3.1436547e+01
  -1.8803843e+00   5.4991198e+01
  -2.5947858e-01   5.6663161e+01
  -2.9564274e+00   3.4310413e+01
   3.0033536e+00   1.5147753e+02
   3.1469397e+00   1.7123313e+02
  -3.3705890e+00   2.0364456e+01
  -4.0295881e+00   1.5532757e+01
  -3.7868766e-01   6.6391840e+01
  -4.2061962e+00   3.8356630e+00
  -2.5761978e+00   4.8208533e+01
  -3.0991152e+00   4.7415195e+01
   4.9629850e+00   2.0175450e+02
  -2.1845662e+00   9.4475631e+01
   2.7258011e+00   1.3883822e+02
   3.8446253e+00   8.4924742e+01
   3.2629032e+00   1.5922636e+02
  -1.6163078e+00   5.2412029e+01
   1.5514360e+00   1.6642083e+02
  -3.4936419e+00   3.1110138e+01
  -2.0344458e-01   5.3403324e+01
   4.5869014e+00   2.9769247e+02
  -4.9534204e+00  -2.2447215e+01
   4.3394424e+00   3.4341573e+02
   1.9901856e+00   2.1437500e+02
   4.8257548e+00   2.1330639e+02
  -2.3619185e+00   5.6763276e+01
  -1.4602842e+00   8.0519146e+01
   2.8335289e-01   4.6940650e+01
   2.9580623e+00   1.6283814e+02
  -6.5612649e-01   4.4318096e+01
   4.3817242e+00   3.4181830e+02
   3.2951790e+00   1.6671854e+02
   3.5792811e+00   5.7392248e+01
   4.1651598e+00   2.0956604e+02
  -3.7335417e-01   5.7720532e+01
   3.1269909e+00   1.6014558e+02
  -3.8787461e+00   9.7763407e+00
   3.3138854e+00   1.3122784e+02
  -2.1632930e+00   5.5729261e+01
   4.4262176e+00   3.1251364e+02
   4.9738589e+00   2.1053648e+02
   1.4821534e-01   4.3162515e+01
  -1.0442102e+00   7.1011637e+01
  -2.9088539e+00   6.5722896e+01
   3.1924000e+00   1.4346305e+02
   3.1236248e+00   1.8229951e+02
  -1.1237480e+00   8.4597822e+01
   1.8454105e+00   2.1324605e+02
   4.4280721e+00   3.3591413e+02
   2.0660715e+00   2.4127209e+02
  -8.3731266e-02   5.4484197e+01
   4.1657282e+00   2.4007073e+02
   4.5403537e+00   3.2040170e+02
  -2.3645700e+00   5.1315349e+01
  -1.7576962e-01   7.2393879e+01
  -4.0138164e+00   3.4397819e+01
  -3.8029234e+00   4.9772994e+01
   3.3324239e-01   3.2436272e+01
   3.4708495e+00   1.1366242e+02
   4.3563900e-01   4.9338625e+01
   2.0928041e+00   2.2208857e+02
   2.4959814e-01   5.9580834e+01
   4.5947928e+00   3.0531157e+02
  -4.9166521e+00  -1.4952851e+01
  -2.5400196e+00   4.2331754e+01
   4.3089752e+00   2.9695188e+02
   4.5496714e+00   3.1692536e+02
   4.7835912e+00   2.1511133e+02
  -6.5152156e-01   3.3690922e+01
  -3.1432405e+00   2.7151917e+01
   3.9779206e+00   1.4074071e+02
  -4.5261224e+00   4.5304698e+00
  -3.3399119e+00   7.3725098e+01
  -3.8875296e+00  -2.2748044e+00
  -4.7330949e+00  -2.7067747e+00
   1.0407778e-01   5.1723550e+01
   2.6257343e+00   1.8597457e+02
   1.4512085e-01   3.5524065e+01
  -2.6887633e+00   3.8685433e+01
  -2.5549565e+00   6.7275592e+01
  -1.0993916e-01   5.1073630e+01
  -2.5773110e+00   5.9538794e+01
   2.6047183e+00   1.8363768e+02
  -2.2009496e+00   6.0038049e+01
  -3.4640532e+00   4.6883141e+01
  -3.4125166e+00   4.3223756e+01
  -2.0480752e+00   3.8416011e+01
   1.3333167e-01   3.5039533e+01
  -6.7835621e-01   7.4019827e+01
  -4.4717158e+00  -1.8798696e+01
   1.2430692e-01   3.1524366e+01
  -1.7474477e+00   2.6442667e+01
  -4.9215375e+00  -8.3212353e+00
  -2.4759096e+00   4.8555079e+01
  -4.7954638e+00   8.5919161e+00
  -4.5760408e+00  -2.8074981e-01
   3.8018548e+00   1.6015354e+01
  -2.4075297e+00   7.4854568e+01
   4.8242708e-01   3.2484519e+01
  -1.0112090e+00   9.0132543e+01
   2.3792127e+00   1.6977094e+02
  -4.5476990e+00   2.2605571e+01
  -3.7176789e+00   3.3771019e+01
  -2.3604910e-01   4.7676203e+01
  -1.5324989e+00   1.0240227e+02
  -1.6686424e+00   9.4530274e+01
  -3.4419995e+00   4.3116634e+01
   4.5550070e+00   3.1039614e+02
   2.2740030e+00   2.1111042e+02
  -7.5967015e-01   7.7112965e+01
  -2.5576903e+00   3.9842774e+01
   3.3323464e+00   1.3245367e+02
  -4.9707075e+00   2.3341876e+01
  -6.8456357e-01   8.0900679e+01
  -4.0367673e+00   2.3815934e+01
  -2.4224739e+00   3.9046983e+01
  -3.8693730e+00   1.5244509e+01
  -3.3093290e+00   4.6819822e+01
   2.7824362e+00   1.6268980e+02
  -4.8735871e+00   1.3226959e+00
   2.9805099e+00   1.7080777e+02
  -2.9286359e+00   1.4512979e+01
   4.6883761e+00   2.7563997e+02
  -2.5270893e+00   4.8379689e+01
  -3.9927558e-01   5.3678803e+01
   1.9988907e+00   2.3054033e+02
   4.3603506e+00   3.3285793e+02
  -4.1057635e+00   3.3177528e+01
  -1.1312471e+00   8.2778396e+01
   3.8629515e+00   9.2469474e+01
  -3.1456251e+00   3.3332344e+01
   4.7769238e+00   2.1411395e+02
   1.6015408e+00   1.7524790e+02
  -3.9268754e+00   1.7527742e+01
  -1.9039475e+00   7.9299951e+01
  -3.1293021e+00   1.4166512e+01
  -1.2056835e+00   6.2756822e+01
   1.6131868e+00   1.9027138e+02
   3.0040466e+00   1.7231824e+02
  -2.2767791e+00   3.9370942e+01
   1.6791820e+00   1.9510137e+02
   2.5587773e-01   4.1686526e+01
  -3.9940362e+00   2.1057379e+01
   1.8792373e+00   2.2362533e+02
  -3.2727137e+00   3.2979500e+01
   2.7750228e+00   1.4691016e+02
  -4.9998442e+00  -5.7992241e+00
   4.8709372e-01   3.8892798e+01
   4.1080949e+00   2.1663570e+02
  -1.3889685e+00   7.3651173e+01
  -2.7723645e+00   4.5516968e+01
   2.6117294e+00   1.6903964e+02
   4.2480624e+00   2.8772098e+02
  -1.6675968e+00   9.0978429e+01
   4.2049975e+00   2.6074199e+02
  -4.7874979e+00   2.6910958e+01
  -4.7595715e+00   9.5630960e+00
   4.1037549e+00   2.0536184e+02
  -3.3598510e+00   4.1511824e+01
   3.3115508e+00   1.6677934e+02
   3.0003919e+00   1.4580589e+02
  -3.5641184e+00   1.4966258e+01
   2.4443048e+00   1.8755475e+02
  -1.5901286e+00   7.8899959e+01
   2.2889549e+00   2.0356522e+02
  -1.6759672e+00   6.1088352e+01
  -9.5762946e-01   9.0854415e+01
  -1.0341680e+00   5.9434714e+01
