-0.0615199 -0.380579 1 0 
-0.0627262 -0.381785 1 0 
-0.0723764 -0.382992 1 0 
-0.0977081 -0.384198 1 0 
-0.150784 -0.384198 1 0 
-0.208685 -0.382992 1 0 
-0.256936 -0.375754 1 0 
-0.281062 -0.366104 1 0 
-0.310012 -0.349216 1 0 
-0.330519 -0.333534 1 0 
-0.340169 -0.323884 1 0 
-0.352232 -0.313028 1 0 
-0.365501 -0.299759 1 0 
-0.381182 -0.280458 1 0 
-0.393245 -0.263571 1 0 
-0.406514 -0.241858 1 0 
-0.413752 -0.228589 1 0 
-0.41737 -0.217732 1 0 
-0.430639 -0.194813 1 0 
-0.437877 -0.183957 1 0 
-0.448733 -0.158625 1 0 
-0.460796 -0.122437 1 0 
-0.470446 -0.0862485 1 0 
-0.476478 -0.0464415 1 0 
-0.47889 -0.0138721 1 0 
-0.47889 0.000603136 1 0 
-0.47889 0.0199035 1 0 
-0.474065 0.0404101 1 0 
-0.466828 0.0572979 1 0 
-0.455971 0.0814234 1 0 
-0.440289 0.107961 1 0 
-0.419783 0.139324 1 0 
-0.401689 0.169481 1 0 
-0.383595 0.194813 1 0 
-0.35585 0.226176 1 0 
-0.323281 0.250302 1 0 
-0.283474 0.273221 1 0 
-0.238842 0.29614 1 0 
-0.185766 0.310615 1 0 
-0.131484 0.32509 1 0 
-0.0832328 0.333534 1 0 
-0.0301568 0.337153 1 0 
0.0156815 0.338359 1 0 
0.0687575 0.338359 1 0 
0.117008 0.333534 1 0 
0.168878 0.326297 1 0 
0.218335 0.317853 1 0 
0.267793 0.303378 1 0 
0.312425 0.278046 1 0 
0.351025 0.252714 1 0 
0.377563 0.228589 1 0 
0.399276 0.196019 1 0 
0.420989 0.158625 1 0 
0.439083 0.115199 1 0 
0.448733 0.0765983 1 0 
0.457177 0.03076 1 0 
0.460796 -0.0271411 1 0 
0.457177 -0.0717732 1 0 
0.435464 -0.120024 1 0 
0.400483 -0.165862 1 0 
0.373945 -0.202051 1 0 
0.343788 -0.222557 1 0 
0.31725 -0.241858 1 0 
0.290712 -0.257539 1 0 
0.261761 -0.269602 1 0 
0.234017 -0.280458 1 0 
0.208685 -0.292521 1 0 
0.182147 -0.300965 1 0 
0.149578 -0.310615 1 0 
0.11339 -0.31544 1 0 
0.0747889 -0.322678 1 0 
0.0325694 -0.334741 1 0 
-0.00723764 -0.341978 1 0 
-0.0120627 -0.343185 1 0 
-0.0337756 -0.346803 1 0 
-0.0386007 -0.34801 1 0 
-0.0494572 -0.351628 1 0 
-0.0627262 -0.355247 1 0 
-0.0723764 -0.35766 1 0 
-0.166466 -0.221351 0 0 
-0.177322 -0.222557 0 0 
-0.179735 -0.222557 0 0 
-0.180941 -0.220145 0 0 
-0.177322 -0.214113 0 0 
-0.170084 -0.208082 0 0 
-0.161641 -0.204463 0 0 
-0.158022 -0.203257 0 0 
-0.155609 -0.203257 0 0 
-0.153197 -0.205669 0 0 
-0.153197 -0.214113 0 0 
-0.156815 -0.221351 0 0 
-0.161641 -0.227382 0 0 
-0.167672 -0.233414 0 0 
-0.171291 -0.23462 0 0 
-0.173703 -0.23462 0 0 
-0.177322 -0.233414 0 0 
-0.179735 -0.228589 0 0 
-0.180941 -0.223764 0 0 
-0.179735 -0.220145 0 0 
-0.177322 -0.216526 0 0 
-0.172497 -0.212907 0 0 
-0.170084 -0.211701 0 0 
-0.166466 -0.210495 0 0 
-0.158022 -0.210495 0 0 
0.115802 -0.198432 2 0 
0.0916767 -0.200844 2 0 
0.0844391 -0.197226 2 0 
0.0832328 -0.189988 2 0 
0.0880579 -0.18275 2 0 
0.0977081 -0.176719 2 0 
0.102533 -0.175513 2 0 
0.107358 -0.175513 2 0 
0.118215 -0.176719 2 0 
0.124246 -0.179131 2 0 
0.127865 -0.181544 2 0 
0.130277 -0.185163 2 0 
0.129071 -0.188782 2 0 
0.125452 -0.1924 2 0 
0.120627 -0.196019 2 0 
0.112183 -0.198432 2 0 
0.103739 -0.199638 2 0 
0.100121 -0.199638 2 0 
0.101327 -0.198432 2 0 
0.106152 -0.197226 2 0 
0.0603136 0.0464415 3 0 
0.0603136 0.0416164 3 0 
0.0579011 0.0416164 3 0 
0.0542823 0.0416164 3 0 
0.0518697 0.0416164 3 0 
0.0494572 0.0452352 3 0 
0.0482509 0.0500603 3 0 
0.0482509 0.0572979 3 0 
0.053076 0.0633293 3 0 
0.0566948 0.0669481 3 0 
0.0615199 0.0705669 3 0 
0.0627262 0.0717732 3 0 
0.0711701 0.0729795 3 0 
0.0735826 0.0729795 3 0 
0.0747889 0.0729795 3 0 
0.079614 0.0729795 3 0 
0.0808203 0.0717732 3 0 
0.0832328 0.0705669 3 0 
0.0844391 0.0681544 3 0 
0.0844391 0.0633293 3 0 
0.0832328 0.0585042 3 0 
0.0784077 0.0512666 3 0 
0.0735826 0.0500603 3 0 
0.0723764 0.0476478 3 0 
0.0687575 0.0476478 3 0 
0.0675513 0.0464415 3 0 
0.066345 0.0464415 3 0 
